,mpg,cylinders,cubicinches,hp,weightlbs,time-to-60,year,continent
9,37.7,4,89,62,2050,17,1982, Japan.
10,34.0,4,108,70,2245,17,1983, Japan.
16,31.8,4,85,65,2020,19,1980, Japan.
18,24.0,4,113,95,2278,16,1973, Japan.
20,37.2,4,86,65,2019,16,1981, Japan.
24,38.1,4,89,60,1968,19,1981, Japan.
25,33.0,4,91,53,1795,17,1977, Japan.
26,31.0,4,71,65,1773,19,1972, Japan.
30,27.0,4,97,88,2130,15,1971, Japan.
32,23.0,4,120,97,2506,15,1973, Japan.
34,30.0,4,97,67,1985,16,1978, Japan.
37,21.5,3,80,110,2720,14,1978, Japan.
45,31.6,4,120,74,2635,18,1982, Japan.
56,19.0,6,156,108,2930,16,1977, Japan.
61,22.0,4,108,94,2379,17,1974, Japan.
62,32.7,6,168,132,2910,11,1981, Japan.
63,46.6,4,86,65,2110,18,1981, Japan.
67,32.0,4,91,67,1965,16,1983, Japan.
72,28.0,4,97,92,2288,17,1973, Japan.
73,24.0,4,119,97,2545,17,1976, Japan.
77,21.1,4,134,95,2515,15,1979, Japan.
79,32.4,4,108,75,2350,17,1982, Japan.
85,35.0,4,72,69,1613,18,1972, Japan.
90,34.1,4,86,65,1975,15,1980, Japan.
91,27.2,4,119,97,2300,15,1979, Japan.
104,32.2,4,108,75,2265,15,1981, Japan.
110,20.0,4,97,88,2279,19,1974, Japan.
113,33.0,4,91,53,1795,18,1976, Japan.
141,29.0,4,97,75,2171,16,1976, Japan.
142,32.0,4,144,96,2665,14,1983, Japan.
143,35.1,4,81,60,1760,16,1982, Japan.
150,31.3,4,120,75,2542,18,1981, Japan.
151,27.5,4,134,95,2560,14,1979, Japan.
156,18.0,3,70,90,2124,14,1974, Japan.
157,29.5,4,98,68,2135,17,1979, Japan.
168,20.0,6,156,122,2807,14,1974, Japan.
170,32.4,4,107,72,2290,17,1981, Japan.
179,31.5,4,98,68,2045,19,1978, Japan.
181,33.8,4,97,67,2145,18,1981, Japan.
199,33.5,4,85,70,1945,17,1978, Japan.
206,40.8,4,85,65,2110,19,1981, Japan.
209,25.4,6,168,116,2900,13,1982, Japan.
210,22.0,6,146,97,2815,15,1978, Japan.
212,39.1,4,79,58,1755,17,1982, Japan.
215,32.9,4,119,100,2615,15,1982, Japan.
216,37.0,4,85,65,1975,19,1982, Japan.
225,32.0,4,83,61,2003,19,1975, Japan.
227,31.0,4,76,52,1649,17,1975, Japan.
248,28.0,4,97,75,2155,16,1977, Japan.
255,24.0,4,113,95,2372,15,1971, Japan.
257,36.1,4,91,60,1800,16,1979, Japan.
